100
0.386773 -0.35483304 -0.07556564 -0.8476572 0.016348295
0.33349326 -0.4687711 -0.07729876 -0.8128934 0.04759286
0.3530349 -0.31105614 -0.07067978 -0.8793493 0.01896461
0.23103172 -0.47395644 -0.08402802 -0.8455345 5.8083725E-4
0.3099718 -0.42654565 -0.06746811 -0.84690744 0.0131169325
0.41633415 -0.47779664 -0.08936719 -0.7679665 0.024841838
0.3229093 -0.42504722 -0.07270655 -0.84225947 0.019418623
0.25419378 -0.41300464 -0.082762375 -0.8702224 0.026001588
0.33922634 -0.4040136 -0.065893546 -0.8468251 0.01561682
0.30600095 -0.4386438 -0.081815876 -0.8407744 0.018957624
0.29241464 -0.43651608 -0.08327906 -0.846431 0.023803419
0.3160405 -0.28263956 -0.0781999 -0.90201193 0.022190996
0.3241294 -0.36078477 -0.07119517 -0.871395 0.019402359
0.28760543 -0.37276876 -0.06822067 -0.87943506 0.016324308
0.26894757 -0.48921221 -0.07983201 -0.8255421 0.021109734
0.35176757 -0.4041091 -0.08042741 -0.84032786 0.018330684
0.31822816 -0.4245391 -0.079000354 -0.8436735 0.021710768
0.38481265 -0.42224792 -0.0713843 -0.817391 0.020056425
0.33595365 -0.42734203 -0.074953444 -0.8357685 0.019671602
0.32714987 -0.34845844 -0.067606084 -0.8755279 0.020735925
0.44254562 -0.37335634 -0.08271746 -0.80786014 0.07265082
0.35399407 -0.4238869 -0.072087005 -0.83031416 0.019747876
0.325529 -0.3381766 -0.064564586 -0.88057894 0.0089142285
0.37265572 -0.41828328 -0.07559967 -0.82464457 0.02032237
0.36407846 -0.35641968 -0.07461339 -0.85714406 0.012200096
0.2918396 -0.3614866 -0.060550235 -0.8833453 0.013853635
0.36280525 -0.34497923 -0.06748613 -0.8629151 0.013598273
0.35990235 -0.39070153 -0.07163401 -0.84396523 0.020341508
0.25718695 -0.38389248 -0.07427943 -0.8836891 -0.0075915614
0.20534587 -0.37955576 -0.08198797 -0.8983337 0.0067088264
0.32114905 -0.22730218 -0.062382095 -0.91710794 0.014784603
0.26312885 -0.34501103 -0.061104186 -0.8985722 0.02376944
0.2857975 -0.3261014 -0.06447168 -0.89797586 0.03821713
0.35105556 -0.46793973 -0.0668512 -0.80797726 0.022271903
0.39043647 -0.4568315 -0.08960365 -0.79422385 -0.006633536
0.40457848 -0.49396247 -0.093306035 -0.763414 0.028466005
0.3734328 -0.40180114 -0.07386667 -0.83066255 0.060393393
0.2657672 -0.41524044 -0.061641905 -0.86605227 0.055649962
0.2988599 -0.40984485 -0.07074414 -0.85889083 -0.0034409123
0.2692095 -0.36728257 -0.07946495 -0.8866023 0.015855834
0.28210452 -0.41199824 -0.0693756 -0.86361384 0.0057174163
0.35528395 -0.4682308 -0.072778784 -0.805511 0.019708883
0.2860288 -0.37039608 -0.08000567 -0.8798653 0.020748552
0.2605572 -0.36067465 -0.06847027 -0.89262915 0.023425095
0.30050728 -0.3900322 -0.07966182 -0.86673033 0.0016924674
0.42870286 -0.4110343 -0.07787233 -0.8006877 0.009990967
0.31174967 -0.3199229 -0.07025608 -0.89143306 0.029541664
0.28624773 -0.5117191 -0.06882026 -0.80683047 0.02223036
0.36304593 -0.47302082 -0.08058476 -0.79810077 0.031467352
0.32433817 -0.36887607 -0.07503936 -0.8676151 0.018661847
0.29409277 -0.43814576 -0.085191585 -0.84502923 0.014343893
0.37173784 -0.38312924 -0.07861412 -0.84122515 0.03439686
0.4173941 -0.40958574 -0.064485855 -0.80831885 0.021998903
0.28184852 -0.40678057 -0.07670973 -0.8646381 0.040093824
0.307142 -0.43381503 -0.08426574 -0.8424387 0.025778728
0.2822872 -0.40741372 -0.076829135 -0.86418325 0.04015623
0.32254344 -0.32723615 -0.06660103 -0.88133925 -0.087679334
0.24710873 -0.41888663 -0.07747149 -0.8701932 0.015275087
0.3355789 -0.42518026 -0.07369911 -0.83720195 0.016431512
0.42689312 -0.31120953 -0.07250427 -0.84575707 0.018681362
0.32267445 -0.36419663 -0.077559724 -0.8700258 0.016779706
0.4757486 -0.35899094 -0.06670235 -0.80002487 0.017312052
0.333312 -0.41112682 -0.08200045 -0.8441318 0.024399417
0.3319909 -0.4261021 -0.07611974 -0.8377625 0.024060208
0.42868143 -0.37880912 -0.06868278 -0.8172511 0.010920335
0.3475149 -0.3762803 -0.068801954 -0.8559417 0.016631516
0.32269734 -0.42591155 -0.07056382 -0.8421809 0.014761414
0.3107874 -0.38058248 -0.08563364 -0.8663522 0.025864497
0.37076256 -0.4117026 -0.073943816 -0.82866776 0.029632924
0.2977225 -0.4613864 -0.06327522 -0.8331326 0.019238124
0.26689368 -0.38819972 -0.17957687 -0.86340296 0.018873932
0.31511158 -0.2492491 -0.07897896 -0.9120596 0.022117443
-0.31374758 0.46335167 0.08372564 0.8191603 -0.09398995
0.2589803 -0.5555926 -0.07387268 -0.7863435 0.021278605
0.36907443 -0.36418357 -0.073731385 -0.85166687 0.019537458
0.29031104 -0.43469405 -0.1363602 -0.84131044 0.019057939
-0.19847368 0.34594023 0.063975036 0.90890414 -0.1036057
0.24076174 -0.42330965 -0.08442275 -0.8689571 0.025082117
0.3094882 -0.3711186 -0.070533104 -0.87245995 0.018074796
0.12940046 -0.4492429 0.080983914 -0.87999785 0.021950383
0.34507033 -0.34231442 -0.065090954 -0.8668594 -0.0898066
0.30145618 -0.37206316 -0.0742024 -0.8744719 0.022045638
0.3748166 -0.42111304 0.08098636 -0.8207067 0.04536355
0.30070043 -0.41801956 -0.06993062 -0.8539735 0.026037114
0.35143527 -0.5627904 0.0017924805 -0.7322402 0.153562
0.3090458 -0.38792607 -0.07307521 -0.8652302 0.0063853273
-0.21920756 0.38046485 0.07291849 0.8942024 -0.04774412
0.21979387 -0.38168666 -0.07531574 -0.8945224 0.012770683
0.28927353 -0.4223356 -0.07577214 -0.85554737 0.015839728
-0.3196186 0.41811502 0.079175875 0.8457939 0.037250664
0.3743392 -0.4085365 -0.07825544 -0.8281474 0.03187647
0.0 0.06517544 0.0 0.0 -0.99787384
-0.2829995 0.370211 0.070104584 0.880324 -0.05449913
-0.32063794 0.3607134 0.070243396 0.8728602 -0.016068771
-0.34867328 0.24896988 0.080546446 0.8997886 -0.01826615
0.3073593 -0.25739568 -0.08280119 -0.9120507 0.024190351
0.3274163 -0.3535213 -0.0640505 -0.8738021 0.013736384
0.29900962 -0.41566908 -0.06953741 -0.8491717 0.10901592
0.3207749 -0.32240567 0.055565003 -0.8886148 0.020841507
0.4963314 -0.41128284 -0.08107427 -0.7601468 0.010264084
