100
0.2889743 -0.5180459 -0.08968403 -0.7998357 0.018493269
0.2889743 -0.5180459 -0.08968403 -0.7998357 0.018493269
0.2889743 -0.5180459 -0.08968403 -0.7998357 0.018493269
0.2889743 -0.5180459 -0.08968403 -0.7998357 0.018493269
0.2889743 -0.5180459 -0.08968403 -0.7998357 0.018493269
0.2889743 -0.5180459 -0.08968403 -0.7998357 0.018493269
0.2889743 -0.5180459 -0.08968403 -0.7998357 0.018493269
0.2889743 -0.5180459 -0.08968403 -0.7998357 0.018493269
0.2889743 -0.5180459 -0.08968403 -0.7998357 0.018493269
0.2889743 -0.5180459 -0.08968403 -0.7998357 0.018493269
0.2889743 -0.5180459 -0.08968403 -0.7998357 0.018493269
0.2889743 -0.5180459 -0.08968403 -0.7998357 0.018493269
0.2889743 -0.5180459 -0.08968403 -0.7998357 0.018493269
0.2889743 -0.5180459 -0.08968403 -0.7998357 0.018493269
0.2889743 -0.5180459 -0.08968403 -0.7998357 0.018493269
0.2889743 -0.5180459 -0.08968403 -0.7998357 0.018493269
0.2889743 -0.5180459 -0.08968403 -0.7998357 0.018493269
0.2889743 -0.5180459 -0.08968403 -0.7998357 0.018493269
0.2889743 -0.5180459 -0.08968403 -0.7998357 0.018493269
0.2889743 -0.5180459 -0.08968403 -0.7998357 0.018493269
0.2889743 -0.5180459 -0.08968403 -0.7998357 0.018493269
0.2889743 -0.5180459 -0.08968403 -0.7998357 0.018493269
0.2889743 -0.5180459 -0.08968403 -0.7998357 0.018493269
0.2889743 -0.5180459 -0.08968403 -0.7998357 0.018493269
0.2889743 -0.5180459 -0.08968403 -0.7998357 0.018493269
0.2889743 -0.5180459 -0.08968403 -0.7998357 0.018493269
0.2889743 -0.5180459 -0.08968403 -0.7998357 0.018493269
0.2889743 -0.5180459 -0.08968403 -0.7998357 0.018493269
0.2889743 -0.5180459 -0.08968403 -0.7998357 0.018493269
0.2889743 -0.5180459 -0.08968403 -0.7998357 0.018493269
0.2889743 -0.5180459 -0.08968403 -0.7998357 0.018493269
0.2889743 -0.5180459 -0.08968403 -0.7998357 0.018493269
0.2889743 -0.5180459 -0.08968403 -0.7998357 0.018493269
0.2889743 -0.5180459 -0.08968403 -0.7998357 0.018493269
0.2889743 -0.5180459 -0.08968403 -0.7998357 0.018493269
0.2889743 -0.5180459 -0.08968403 -0.7998357 0.018493269
0.2889743 -0.5180459 -0.08968403 -0.7998357 0.018493269
0.2889743 -0.5180459 -0.08968403 -0.7998357 0.018493269
0.2889743 -0.5180459 -0.08968403 -0.7998357 0.018493269
0.2889743 -0.5180459 -0.08968403 -0.7998357 0.018493269
0.2889743 -0.5180459 -0.08968403 -0.7998357 0.018493269
0.2889743 -0.5180459 -0.08968403 -0.7998357 0.018493269
0.2889743 -0.5180459 -0.08968403 -0.7998357 0.018493269
0.2889743 -0.5180459 -0.08968403 -0.7998357 0.018493269
0.2889743 -0.5180459 -0.08968403 -0.7998357 0.018493269
0.2889743 -0.5180459 -0.08968403 -0.7998357 0.018493269
0.2889743 -0.5180459 -0.08968403 -0.7998357 0.018493269
0.2889743 -0.5180459 -0.08968403 -0.7998357 0.018493269
0.2889743 -0.5180459 -0.08968403 -0.7998357 0.018493269
0.2889743 -0.5180459 -0.08968403 -0.7998357 0.018493269
0.2889743 -0.5180459 -0.08968403 -0.7998357 0.018493269
0.2889743 -0.5180459 -0.08968403 -0.7998357 0.018493269
0.2889743 -0.5180459 -0.08968403 -0.7998357 0.018493269
0.2889743 -0.5180459 -0.08968403 -0.7998357 0.018493269
0.2889743 -0.5180459 -0.08968403 -0.7998357 0.018493269
0.2889743 -0.5180459 -0.08968403 -0.7998357 0.018493269
0.2889743 -0.5180459 -0.08968403 -0.7998357 0.018493269
0.2889743 -0.5180459 -0.08968403 -0.7998357 0.018493269
0.2889743 -0.5180459 -0.08968403 -0.7998357 0.018493269
0.2889743 -0.5180459 -0.08968403 -0.7998357 0.018493269
0.2889743 -0.5180459 -0.08968403 -0.7998357 0.018493269
0.2889743 -0.5180459 -0.08968403 -0.7998357 0.018493269
0.2889743 -0.5180459 -0.08968403 -0.7998357 0.018493269
0.2889743 -0.5180459 -0.08968403 -0.7998357 0.018493269
0.2889743 -0.5180459 -0.08968403 -0.7998357 0.018493269
0.2889743 -0.5180459 -0.08968403 -0.7998357 0.018493269
0.2889743 -0.5180459 -0.08968403 -0.7998357 0.018493269
0.2889743 -0.5180459 -0.08968403 -0.7998357 0.018493269
0.2889743 -0.5180459 -0.08968403 -0.7998357 0.018493269
0.2889743 -0.5180459 -0.08968403 -0.7998357 0.018493269
0.2889743 -0.5180459 -0.08968403 -0.7998357 0.018493269
0.2889743 -0.5180459 -0.08968403 -0.7998357 0.018493269
0.2889743 -0.5180459 -0.08968403 -0.7998357 0.018493269
0.2889743 -0.5180459 -0.08968403 -0.7998357 0.018493269
0.2889743 -0.5180459 -0.08968403 -0.7998357 0.018493269
0.2889743 -0.5180459 -0.08968403 -0.7998357 0.018493269
0.2889743 -0.5180459 -0.08968403 -0.7998357 0.018493269
0.2889743 -0.5180459 -0.08968403 -0.7998357 0.018493269
0.2889743 -0.5180459 -0.08968403 -0.7998357 0.018493269
0.2889743 -0.5180459 -0.08968403 -0.7998357 0.018493269
0.2889743 -0.5180459 -0.08968403 -0.7998357 0.018493269
0.2889743 -0.5180459 -0.08968403 -0.7998357 0.018493269
0.2889743 -0.5180459 -0.08968403 -0.7998357 0.018493269
0.2889743 -0.5180459 -0.08968403 -0.7998357 0.018493269
0.2889743 -0.5180459 -0.08968403 -0.7998357 0.018493269
0.2889743 -0.5180459 -0.08968403 -0.7998357 0.018493269
0.2889743 -0.5180459 -0.08968403 -0.7998357 0.018493269
0.2889743 -0.5180459 -0.08968403 -0.7998357 0.018493269
0.2889743 -0.5180459 -0.08968403 -0.7998357 0.018493269
0.2889743 -0.5180459 -0.08968403 -0.7998357 0.018493269
0.2889743 -0.5180459 -0.08968403 -0.7998357 0.018493269
0.2889743 -0.5180459 -0.08968403 -0.7998357 0.018493269
0.2889743 -0.5180459 -0.08968403 -0.7998357 0.018493269
0.2889743 -0.5180459 -0.08968403 -0.7998357 0.018493269
0.2889743 -0.5180459 -0.08968403 -0.7998357 0.018493269
0.2889743 -0.5180459 -0.08968403 -0.7998357 0.018493269
0.2889743 -0.5180459 -0.08968403 -0.7998357 0.018493269
0.2889743 -0.5180459 -0.08968403 -0.7998357 0.018493269
0.2889743 -0.5180459 -0.08968403 -0.7998357 0.018493269
0.2889743 -0.5180459 -0.08968403 -0.7998357 0.018493269
