100
0.49865237 -0.41590607 -0.084325366 -0.7541352 0.05037286
0.25649533 -0.51345074 -0.09429733 -0.8111516 0.060988173
0.44780487 -0.44400957 -0.08085107 -0.77125335 -0.030947555
0.38918337 -0.3662701 -0.09182165 -0.8389384 0.046190787
0.52780896 -0.47496882 -0.05396302 -0.70059645 0.04555113
0.44855297 -0.38744295 -0.10438961 -0.7956443 0.06885556
0.44715798 -0.4197328 -0.104845464 -0.77970856 0.07025736
0.5000848 -0.433348 -0.08811629 -0.74187887 0.06305575
0.43623054 -0.3054678 -0.08279919 -0.8408532 0.050024882
0.4739267 -0.3469207 -0.09903624 -0.80082476 0.06253833
0.357598 -0.521527 -0.09662041 -0.7640713 0.08362397
0.4874804 -0.46931335 -0.11928999 -0.72632194 0.018282447
0.47332817 -0.38111466 -0.0950634 -0.7839771 0.083993256
0.339543 -0.398706 -0.11141404 -0.8412774 0.074721605
0.45908743 -0.41608432 -0.12009762 -0.775002 0.032573897
0.57389617 -0.5051553 -0.09717173 -0.6305428 0.09184074
0.42285827 -0.40574995 -0.1041686 -0.80131966 0.0599465
0.3796984 -0.40122965 -0.11676923 -0.8163576 0.121528566
0.4973616 -0.3856841 -0.08424692 -0.77062154 0.054075964
0.44855407 -0.394302 -0.10549599 -0.79339856 0.052101173
0.41791525 -0.41791674 -0.11795584 -0.7960302 0.05581002
0.47660887 -0.4093142 -0.115512304 -0.76848096 0.037414446
0.47237653 -0.3707353 -0.10738435 -0.78957933 0.066699766
0.5375758 -0.32600066 -0.11255507 -0.76685596 0.06323838
0.4412403 -0.3927231 -0.11262353 -0.7987561 0.019498292
0.4325854 -0.46354392 -0.10259818 -0.7662866 0.016593792
0.44054708 -0.28884056 -0.090061404 -0.84373194 0.049947686
0.4863387 -0.43768933 -0.12148799 -0.7436823 0.06387446
0.4336509 -0.4127365 -0.11560186 -0.7891188 0.074318655
0.41218212 -0.36799037 -0.09783022 -0.81746155 0.12990342
0.3829709 -0.37471008 -0.09789884 -0.8370845 -0.05129279
0.5017944 -0.40771717 -0.09532053 -0.7542425 0.06325687
0.48264942 -0.35533917 -0.10058875 -0.7923631 0.053161286
0.44881353 -0.4063791 -0.109798774 -0.78729707 0.03911608
0.46286082 -0.38361284 -0.1091299 -0.78803605 0.075437546
0.5807885 -0.26736382 -0.09189882 -0.7633744 0.003927567
0.454417 -0.43730798 -0.09130229 -0.76911134 0.048976477
0.48258847 -0.293584 -0.08129136 -0.82010126 0.04174075
0.47750226 -0.3885403 -0.107614964 -0.7781351 0.0628718
0.47697598 -0.42512152 -0.109468125 -0.75846225 0.067211784
0.36686483 -0.44037527 -0.0960758 -0.81134 0.06306196
0.45072725 -0.40636778 -0.1057019 -0.7874838 0.02016319
0.45227158 -0.44718614 -0.10768569 -0.76382464 0.021232223
0.357818 -0.35784364 -0.0883463 -0.85582036 0.06066794
0.47326016 -0.41954786 -0.09709423 -0.7676356 0.036233705
0.46434084 -0.40275776 -0.091730654 -0.7809686 0.06202776
0.4558384 -0.48511297 -0.10772837 -0.73395425 0.08113287
0.50717235 -0.53654146 -0.05000015 -0.67019004 0.056962583
0.45879653 -0.38518232 -0.10378052 -0.7910019 0.0684538
0.38906106 -0.4658578 -0.10084891 -0.7869255 0.046751555
0.36209127 -0.57260424 -0.08138719 -0.7279224 0.06722703
0.45919675 -0.39084345 -0.10432405 -0.7902819 0.030835409
0.48900643 -0.43807498 -0.08345387 -0.74742776 0.05788108
0.42803362 -0.49994314 -0.09836467 -0.7428533 0.073058344
0.43895477 -0.5229021 -0.104041345 -0.72162366 0.048238017
0.41220066 -0.4198412 -0.12013598 -0.7996136 0.0030791922
0.48184422 -0.5047657 -0.11318215 -0.706353 0.035959512
0.45441788 -0.3905358 -0.10869641 -0.77510154 0.16849007
0.50383496 -0.43036643 -0.11834763 -0.73859 0.037600655
0.4488761 -0.33393842 -0.0944846 -0.8222076 0.045196436
0.44819286 -0.43062946 -0.10111966 -0.77518284 0.05047623
0.43610135 -0.49337986 -0.10339858 -0.7447528 0.0323102
0.40679762 -0.3709299 -0.099983 -0.8285237 0.021877876
0.4784783 -0.409675 -0.11316936 -0.7683821 -0.0025858532
0.46461844 -0.33251292 -0.09218021 -0.81396645 0.050262745
0.47805125 -0.44260883 -0.078869894 -0.7526992 0.05280101
0.438725 -0.35214326 -0.10322461 -0.81944644 -0.036981378
0.41767225 -0.5402889 -0.105452724 -0.715474 -0.10302683
0.5251142 -0.39444813 -0.123626225 -0.7256489 0.16375601
0.5485716 -0.4375903 -0.104025014 -0.70401806 0.033483207
0.48002052 -0.32656908 -0.12194522 -0.788769 0.16095282
0.39606172 -0.45096847 -0.12394336 -0.7901215 0.010418658
0.41555968 -0.3892418 -0.09291849 -0.81533885 0.04888457
0.49113706 -0.43411756 -0.07857008 -0.74893606 0.05699058
0.4816713 -0.4278989 -0.10789467 -0.7554903 0.049883988
0.49440238 -0.35941812 -0.11186412 -0.77591026 0.108787134
0.36350855 -0.43306938 -0.03249507 -0.82202065 0.059486482
0.4816713 -0.4278989 -0.10789467 -0.7554903 0.049883988
0.37953696 -0.5308219 -0.08569825 -0.75282276 -0.009667293
0.47840458 -0.38079107 -0.14118634 -0.7773936 0.043044355
0.4557722 -0.3996373 -0.018978182 -0.7944441 0.03255926
0.38896954 -0.36433566 -0.08697298 -0.8404191 0.045756627
0.4565485 -0.3664516 -0.10203317 -0.80330265 0.03963245
0.43868825 -0.4123198 -0.11284203 -0.7837258 -0.10288599
0.44108793 -0.35487652 -0.26299286 -0.779123 0.057499915
0.44742993 -0.359613 -0.087807916 -0.78940696 0.19902615
0.49503106 -0.37082162 -0.09846794 -0.7773725 0.05858073
0.5052048 -0.34880307 -0.11004741 -0.7789509 0.06503513
0.41425943 -0.5314586 -0.082211904 -0.73076016 0.07191343
0.51665837 -0.4783862 0.02635774 -0.7075251 0.054076437
0.44319808 -0.3160331 -0.14747876 -0.82356924 0.06068217
0.43961442 -0.5192237 -0.0885372 -0.726076 0.046052575
0.47429106 -0.41450146 -0.09408253 -0.7696936 0.044234604
0.46987844 -0.36680207 -0.08657619 -0.7969341 0.045508817
0.5204349 -0.3867837 -0.010718036 -0.7548632 0.0980434
0.47060063 -0.37149397 -0.085890725 -0.7950727 -0.03177397
0.47716227 -0.47427776 -0.11597864 -0.730106 0.029511454
0.518961 -0.37742072 -0.18407184 -0.7445294 0.005160341
0.40869585 -0.39082837 -0.10338161 -0.8143638 0.07965439
0.4479373 -0.40344605 -0.104631625 -0.78790694 0.06955877
