10
0.06662357106377913 -0.47076520841662606 -0.02418016731304926 -0.44272800150689234 -0.2167397972662077 -0.2140353055109379 -0.24516547152147147 -0.024325399291430287 0.3701108534898531 0.001871184560879253 -0.22976892581057443 -0.47995883986552823 0.06031305574483157 0.0092796650402604
0.06655486075430343 -0.47197088679368043 -0.02416667363251368 -0.4422971876773614 -0.21679408879746154 -0.21461712320001738 -0.24515443889912808 -0.024314794577249638 0.37278698304393787 0.0018703688136345873 -0.23016857791869505 -0.4797496006972715 0.0255795773300056 0.009263159221209901
0.06660726176746194 -0.46883677644029564 -0.02416197867155963 -0.4425919818925163 -0.21638887822414668 -0.21312245740575453 -0.24484619969244664 -0.024303917137190902 0.36674182851232257 0.0018695320874762235 -0.22903013604996014 -0.47953498043765114 0.09747072924373389 0.00928482922464094
0.06420344050974473 -0.45962341914614907 -0.02319918024238658 -0.4264145000883242 -0.20637505543040877 -0.1990628051703358 -0.23409108657068822 -0.023311884197769604 0.4505659440874855 0.0017932218613668928 -0.21571308757989466 -0.45996140744060793 0.0592229193569698 0.009004776814993924
0.0620936528571617 -0.44451974546677114 -0.022436832560754065 -0.5140774023205951 -0.19959336989624918 -0.19252140730906128 -0.22639862523052656 -0.022545832954278467 0.360158692737656 0.0017342948426368049 -0.20862454520485563 -0.4448466271363404 0.184106139928499 0.008708871069325101
0.0668159128129888 -0.46937241759683485 -0.024231353960990756 -0.4439642033182219 -0.2169134574462448 -0.2133473107088389 -0.24547978853826868 -0.024372060601618874 0.36620368348343674 0.0018747738924322216 -0.22939636852637071 -0.48087950340886465 -0.07776686033435767 0.009317740749380698
0.06629688883665526 -0.46303726160601366 -0.024024929186762196 -0.4404745096604237 -0.21478673097349665 -0.21041392455839253 -0.24318841466678365 -0.024159711042845776 0.3584968976286592 0.0018584393109881369 -0.22660216642365588 -0.4766896832684569 0.17112514074847135 0.009256388663787926
0.0668159128129888 -0.46937241759683485 -0.024231353960990756 -0.4439642033182219 -0.2169134574462448 -0.2133473107088389 -0.24547978853826868 -0.024372060601618874 0.36620368348343674 0.0018747738924322216 -0.22939636852637071 -0.48087950340886465 -0.07776686033435767 0.009317740749380698
0.06349458095896765 -0.45454879311620733 -0.02294304193648818 -0.4682671702052517 -0.20409650263132956 -0.19686498571503652 -0.2315065256632049 -0.02305450154617027 0.41097090432514827 0.0017734231958592512 -0.21333143511478395 -0.45488304973789795 0.11664859961776977 0.00890535656590376
0.06938829775871867 -0.4911320520354775 -0.02518921350420945 -0.4611128772195963 -0.22587054441275375 -0.22331171163198607 -0.2554581228057602 -0.025341965713747753 0.2535804773048613 0.0019493819779805963 -0.23961668829964328 -0.5000164773520228 0.04577623235963184 0.009661341488521298
